30 8
0.000000 0.000000 -0.000000 0.000000 0.000000 0.000000 0.000000 0.000000 0.000000 0.000000 0.000000
0.000000 0.000000 -0.086957 0.000000 12.989599 7.793759 0.000000 -12.989599 -7.793759 0.000000 0.000000
0.000000 0.000000 -0.173913 0.000000 22.197130 13.318278 0.000000 -22.197130 -13.318278 0.000000 0.000000
0.000000 0.000000 -0.260870 0.000000 24.941719 14.965032 0.000000 -24.941719 -14.965032 0.000000 0.000000
0.000000 0.000000 -0.347826 0.000000 20.424247 12.254548 0.000000 -20.424247 -12.254548 0.000000 0.000000
0.000000 0.000000 -0.434783 0.000000 9.960027 5.976016 0.000000 -9.960027 -5.976016 0.000000 0.000000
0.000000 0.000000 -0.521739 0.000000 -3.404166 -2.042500 0.000000 3.404166 2.042500 0.000000 0.000000
0.000000 0.000000 -0.608696 0.000000 -15.777199 -9.466319 0.000000 15.777199 9.466319 0.000000 0.000000
0.000000 0.000000 -0.695652 0.000000 -23.556523 -14.133914 0.000000 23.556523 14.133914 0.000000 0.000000
0.000000 0.000000 -0.782609 0.000000 -24.477102 -14.686261 0.000000 24.477102 14.686261 0.000000 0.000000
0.000000 0.000000 -0.869565 0.000000 -18.270899 -10.962539 0.000000 18.270899 10.962539 0.000000 0.000000
0.000000 0.000000 -0.956522 0.000000 -6.744919 -4.046952 0.000000 6.744919 4.046952 0.000000 0.000000
0.000000 0.000000 -1.043478 0.000000 6.744919 4.046952 0.000000 -6.744919 -4.046952 0.000000 0.000000
0.000000 0.000000 -1.130435 0.000000 18.270899 10.962539 0.000000 -18.270899 -10.962539 0.000000 0.000000
0.000000 0.000000 -1.217391 0.000000 24.477102 14.686261 0.000000 -24.477102 -14.686261 0.000000 0.000000
0.000000 0.000000 -1.304348 0.000000 23.556523 14.133914 0.000000 -23.556523 -14.133914 0.000000 0.000000
0.000000 0.000000 -1.391304 0.000000 15.777199 9.466319 0.000000 -15.777199 -9.466319 0.000000 0.000000
0.000000 0.000000 -1.478261 0.000000 3.404166 2.042500 0.000000 -3.404166 -2.042500 0.000000 0.000000
0.000000 0.000000 -1.565217 0.000000 -9.960027 -5.976016 0.000000 9.960027 5.976016 0.000000 0.000000
0.000000 0.000000 -1.652174 0.000000 -20.424247 -12.254548 0.000000 20.424247 12.254548 0.000000 0.000000
0.000000 0.000000 -1.739130 0.000000 -24.941719 -14.965032 0.000000 24.941719 14.965032 0.000000 0.000000
0.000000 0.000000 -1.826087 0.000000 -22.197130 -13.318278 0.000000 22.197130 13.318278 0.000000 0.000000
0.000000 0.000000 -1.913043 0.000000 -12.989599 -7.793759 0.000000 12.989599 7.793759 0.000000 0.000000
0.000000 0.000000 -2.000000 0.000000 -0.000000 -0.000000 0.000000 0.000000 0.000000 0.000000 0.000000